Holi3.000000 
2.000000 
1.666667 
2.333333 
2.000000 
1.800000 
2.200000 
2.000000 
1.857143 
2.142857 
2.000000 
1.888889 
2.111111 
2.000000 
1.909091 
2.090909 
2.000000 
1.923077 
2.076923 
2.000000 
1.933333 
2.066667 
2.000000 
1.941176 
2.058824 
2.000000 
1.947368 
2.052632 
2.000000 
1.952381 
2.047619 
2.000000 
1.956522 
2.043478 
2.000000 
1.960000 
2.040000 
2.000000 
1.962963 
2.037037 
2.000000 
1.965517 
2.034483 
2.000000 
1.967742 
2.032258 
2.000000 
1.969697 
2.030303 
2.000000 
1.971429 
2.028571 
2.000000 
1.972973 
2.027027 
2.000000 
1.974359 
2.025641 
2.000000 
1.975610 
2.024390 
2.000000 
1.976744 
2.023256 
2.000000 
1.977778 
2.022222 
2.000000 
1.978723 
2.021277 
2.000000 
1.979592 
2.020408 
2.000000 
1.980392 
2.019608 
2.000000 
1.981132 
2.018868 
2.000000 
1.981818 
2.018182 
2.000000 
1.982456 
2.017544 
2.000000 
1.983051 
0.659591 
0.383383 
2.988966 
2.009970 
1.662401 
2.330124 
2.005005 
1.797769 
2.198063 
2.003341 
1.855617 
Breakpoint2Holi3.321945 
2.770789 
1.543110 
1.965104 
2.488541 
1.844481 
1.803555 
2.341959 
1.977599 
1.770128 
2.241066 
2.052450 
1.775560 
2.161494 
2.097803 
1.798791 
2.094764 
2.124273 
1.831845 
2.038038 
2.136555 
1.870243 
1.991024 
2.137057 
1.910490 
1.954695 
2.127373 
1.949283 
1.930475 
2.109124 
1.983340 
1.919454 
2.084587 
2.009577 
1.921544 
2.057119 
2.025548 
1.934765 
2.031145 
2.030070 
1.955060 
2.011405 
2.023832 
1.976979 
2.001490 
2.009683 
1.995093 
2.002361 
1.992241 
2.005508 
2.011879 
1.976712 
2.006776 
2.025734 
1.967314 
1.999949 
2.039135 
1.966073 
1.987956 
2.048259 
1.972510 
1.974660 
2.050975 
1.984175 
1.963843 
2.046958 
1.997614 
1.958322 
2.037471 
2.009341 
1.959336 
2.024994 
2.016628 
1.966307 
2.012669 
2.018032 
1.977088 
2.003545 
2.013641 
1.988630 
1.999727 
2.005024 
1.997891 
2.001739 
1.994813 
2.002671 
0.660648 
0.375115 
2.652428 
1.802034 
2.412254 
1.732456 
1.895997 
2.428327 
1.874433 
1.798901 
2.323896 
Breakpoint2Holi3.358521 
1.457664 
1.664633 
2.759167 
1.760959 
1.663568 
2.515818 
1.909571 
1.682264 
2.369213 
1.997604 
1.710908 
2.263229 
2.053349 
1.746288 
2.179353 
2.088101 
1.786318 
2.110617 
2.107150 
1.828941 
2.054712 
2.113327 
1.871816 
2.011497 
2.108529 
1.912262 
1.981709 
2.094602 
1.947369 
1.965974 
2.073989 
1.974301 
1.963873 
2.050164 
1.990802 
1.973193 
2.027615 
1.995838 
1.989739 
2.011081 
1.990211 
2.008009 
2.004102 
1.976850 
2.022594 
2.007567 
1.960399 
2.029654 
2.019292 
1.946042 
2.027804 
2.034964 
1.937935 
2.018135 
2.049835 
1.938029 
2.003589 
2.060148 
1.945782 
1.988009 
2.063844 
1.958707 
1.975135 
2.060654 
1.973342 
1.967730 
2.051891 
1.986215 
1.966973 
2.040064 
1.994627 
1.972240 
2.028326 
1.997163 
1.981356 
2.019720 
1.993938 
1.991265 
2.016333 
1.986535 
1.998939 
2.018664 
1.977592 
2.002203 
1.550474 
1.791613 
0.697284 
1.269437 
2.891769 
1.600662 
1.639605 
2.691328 
1.784222 
1.665749 
2.496454 
Breakpoint2Holi2.005319 
1.994996 
2.001756 
2.004869 
1.994633 
2.001955 
2.005309 
1.994215 
2.001539 
2.006028 
1.994237 
2.000499 
2.006652 
1.994996 
1.998961 
2.006788 
1.996598 
1.997297 
2.006015 
1.998865 
1.996186 
2.003947 
2.001248 
1.996583 
2.000371 
2.002799 
1.999526 
1.995465 
2.002261 
2.005758 
1.990078 
1.998309 
2.015186 
1.985912 
1.989985 
2.026421 
1.985377 
1.977245 
2.036745 
1.990828 
1.961434 
2.042813 
2.003295 
1.945427 
2.041898 
2.021382 
1.933105 
2.033068 
2.041271 
1.928121 
2.017658 
2.058066 
1.932417 
1.998891 
2.067675 
1.945291 
1.980939 
2.068148 
1.963544 
1.967792 
2.059993 
1.982586 
1.962247 
2.045686 
1.997890 
1.965217 
2.028862 
2.006196 
1.975508 
2.013494 
2.006157 
1.990117 
2.003148 
1.998422 
2.005014 
2.000256 
1.985332 
2.016193 
2.005493 
1.970369 
2.020701 
2.017483 
1.957411 
2.017345 
2.106874 
1.383582 
0.650232 
2.906133 
0.915723 
2.158615 
1.985894 
1.908677 
2.032109 
1.997779 
1.978048 
Breakpoint2Holi3.445963 
0.788331 
2.227977 
2.795737 
1.218053 
2.099079 
2.609736 
1.448053 
1.994046 
2.510970 
1.606022 
1.916321 
2.439495 
1.727311 
1.860053 
2.378400 
1.825663 
1.820845 
2.321855 
1.907147 
1.795868 
2.267855 
1.974528 
1.783268 
2.215952 
2.029011 
1.781733 
2.166405 
2.071062 
1.790173 
2.119840 
2.100853 
1.807483 
2.077127 
2.118526 
1.832314 
2.039395 
2.124377 
1.862848 
2.008087 
2.119039 
1.896589 
1.984967 
2.103709 
1.930257 
1.971897 
2.080442 
1.959966 
1.970223 
2.052449 
1.981849 
1.979781 
2.024126 
1.993090 
1.998024 
2.000474 
1.992963 
2.020083 
1.985819 
1.983284 
2.040113 
1.982344 
1.967963 
2.053214 
1.989291 
1.951881 
2.056816 
2.003320 
1.939623 
2.050974 
2.019709 
1.934484 
2.037837 
2.033716 
1.937921 
2.020821 
2.041625 
1.949418 
2.003850 
2.041358 
1.966677 
1.990693 
2.032721 
1.728868 
1.967195 
0.427284 
2.921688 
0.909496 
2.160523 
1.981751 
1.909950 
2.034368 
1.997221 
1.974909 
Breakpoint2Holi3.788259 
0.845677 
2.490913 
2.670151 
1.295197 
2.231903 
2.506895 
1.506031 
2.085047 
2.438426 
1.629346 
1.992424 
2.400400 
1.714160 
1.926547 
2.374584 
1.780195 
1.875831 
2.353090 
1.836570 
1.835339 
2.331630 
1.887795 
1.803097 
2.307623 
1.936030 
1.778541 
2.279545 
1.982019 
1.761783 
2.246718 
2.025526 
1.753209 
2.209244 
2.065567 
1.753212 
2.167992 
2.100596 
1.761968 
2.124564 
2.128738 
1.779211 
2.081215 
2.148095 
1.804010 
2.040704 
2.157142 
1.834554 
2.006058 
2.155158 
1.868060 
1.980252 
2.142601 
1.900869 
1.965743 
2.121351 
1.928876 
1.963859 
2.094742 
1.948300 
1.974088 
2.067286 
1.956669 
1.993597 
2.043967 
1.953663 
2.017446 
2.029069 
1.941402 
2.039753 
2.024873 
1.923934 
2.055404 
2.030941 
1.906126 
2.061421 
2.044406 
1.892418 
2.057409 
2.061025 
1.885904 
2.045175 
1.677344 
2.142918 
0.411492 
2.527226 
1.421322 
1.671740 
2.344172 
1.820009 
1.730872 
2.498298 
1.571267 
Breakpoint2Holi3.840523 
2.109511 
1.686082 
2.430816 
2.335976 
1.537581 
2.278709 
2.352905 
1.574323 
2.177034 
2.333923 
1.640993 
2.101799 
2.306286 
1.708241 
2.045712 
2.276456 
1.768762 
2.004558 
2.246756 
1.820589 
1.975322 
2.218491 
1.863364 
1.955573 
2.192649 
1.897387 
1.943151 
2.170044 
1.923383 
1.935981 
2.151312 
1.942469 
1.931996 
2.136852 
1.956141 
1.929160 
2.126737 
1.966221 
1.925606 
2.120609 
1.974724 
1.919868 
2.117577 
1.983653 
1.911167 
2.116180 
1.994713 
1.899668 
2.114467 
2.009017 
1.886561 
2.110260 
2.026829 
1.873903 
2.101615 
2.047413 
1.864190 
2.087352 
2.069063 
1.859781 
2.067502 
2.089321 
1.862331 
2.043464 
2.105404 
1.872371 
2.017837 
2.114753 
1.889111 
1.993955 
2.115619 
1.910475 
1.975261 
2.107560 
1.933380 
1.964586 
2.091746 
1.954245 
1.963433 
2.070953 
1.373230 
2.476606 
0.339298 
1.920912 
2.115153 
1.499584 
2.493063 
1.724956 
1.730517 
2.592438 
1.474069 
Breakpoint2Holi3.854333 
3.375574 
0.886937 
2.248639 
3.050231 
1.224126 
2.021935 
2.851697 
1.480086 
1.860936 
2.722659 
1.662304 
1.755040 
2.625677 
1.796673 
1.687784 
2.544270 
1.900287 
1.647460 
2.470511 
1.983335 
1.626794 
2.400314 
2.051739 
1.621355 
2.331625 
2.108782 
1.628394 
2.263664 
2.156056 
1.646081 
2.196575 
2.194052 
1.673021 
2.131228 
2.222586 
1.707905 
2.069044 
2.241186 
1.749250 
2.011804 
2.249471 
1.795226 
1.961405 
2.247515 
1.843571 
1.919572 
2.236116 
1.891663 
1.887555 
2.216903 
1.936773 
1.865851 
2.192195 
1.976479 
1.854044 
2.164642 
2.009126 
1.850799 
2.136771 
2.034150 
1.854085 
2.110556 
2.052107 
1.861562 
2.087165 
2.064411 
1.871060 
2.066898 
2.072875 
1.880979 
2.049306 
2.079247 
1.890511 
2.033436 
2.084858 
1.899640 
2.018140 
2.090438 
1.908944 
1.302052 
2.705322 
0.282771 
1.902789 
2.155584 
1.454389 
2.552659 
1.632073 
1.783298 
2.625754 
1.412169 
Breakpoint2Holi3.862593 
3.677111 
1.640876 
1.676989 
2.883188 
2.132203 
1.516433 
2.501230 
2.310381 
1.565779 
2.241640 
2.367668 
1.680225 
2.049991 
2.371804 
1.804238 
1.910036 
2.348812 
1.917416 
1.813296 
2.310297 
2.012649 
1.753263 
2.262360 
2.088239 
1.724042 
2.208857 
2.144858 
1.719961 
2.152715 
2.184290 
1.735446 
2.096456 
2.208869 
1.765051 
2.042340 
2.221194 
1.803638 
1.992302 
2.223914 
1.846650 
1.947799 
2.219523 
1.890429 
1.909681 
2.210142 
1.932451 
1.878171 
2.197327 
1.971384 
1.853024 
2.181936 
2.006916 
1.833827 
2.164107 
2.039389 
1.820338 
2.143390 
2.069345 
1.812705 
2.119032 
2.097119 
1.811456 
2.090374 
2.122582 
1.817279 
2.057263 
2.145047 
1.830686 
2.020348 
2.163347 
1.851727 
1.981166 
2.176032 
1.879815 
1.942010 
2.181638 
1.913703 
1.905623 
1.459428 
2.623754 
0.553629 
1.010668 
2.606648 
1.254257 
3.204952 
0.896969 
2.198948 
2.771318 
1.228226 
Breakpoint2Holi3.869173 
3.732049 
2.925780 
1.590475 
1.795233 
2.977935 
2.074219 
1.261066 
2.822896 
2.326075 
1.187254 
2.578586 
2.444562 
1.326970 
2.296857 
2.487558 
1.548244 
2.030903 
2.479384 
1.772914 
1.826810 
2.429353 
1.960844 
1.709833 
2.342446 
2.098874 
1.681820 
2.225710 
2.188390 
1.727089 
2.091842 
2.235439 
1.820416 
1.959611 
2.245417 
1.934366 
1.850745 
2.221679 
2.045199 
1.784282 
2.166871 
2.136347 
1.770651 
2.086016 
2.198790 
1.807771 
1.990043 
2.229115 
1.880717 
1.897349 
2.227428 
1.965696 
1.830023 
2.197659 
2.037860 
1.802941 
2.151070 
2.080657 
1.810990 
2.107885 
2.093714 
1.828993 
2.085739 
2.095169 
1.832579 
2.079638 
2.109774 
1.821235 
2.064668 
2.144637 
1.817728 
2.022977 
2.182643 
1.843526 
1.960244 
2.202044 
1.896746 
1.900096 
1.466439 
2.625948 
0.570622 
0.978745 
2.624322 
1.250928 
3.208436 
0.905997 
2.182241 
2.706096 
1.315511 
Breakpoint2Holi3.875149 
3.751066 
3.369404 
2.502095 
0.875804 
2.912254 
2.592921 
1.538277 
2.079647 
2.548026 
2.139755 
1.555200 
2.397051 
2.446466 
1.471656 
2.146632 
2.558981 
1.655208 
1.851247 
2.559274 
1.923724 
1.605969 
2.482658 
2.161755 
1.486108 
2.342724 
2.325827 
1.509382 
2.153965 
2.413207 
1.643143 
1.947485 
2.432210 
1.829262 
1.771082 
2.389933 
2.011672 
1.670384 
2.292549 
2.154923 
1.666761 
2.151670 
2.244942 
1.749451 
1.991245 
2.279293 
1.883636 
1.847786 
2.259214 
2.027443 
1.759177 
2.188300 
2.147909 
1.747735 
2.076580 
2.226872 
1.809770 
1.945808 
2.257353 
1.918168 
1.829440 
2.238488 
2.035524 
1.761944 
2.175410 
2.129240 
1.760388 
2.084912 
2.180095 
1.810378 
1.999708 
2.185117 
1.871062 
1.954333 
2.162096 
1.903722 
1.950584 
1.414245 
2.451104 
0.964839 
0.581728 
2.746539 
1.155634 
3.244974 
1.156966 
1.852913 
2.132137 
2.170479 
Breakpoint2Holi3.903884 
3.785370 
2.428160 
1.400676 
2.422754 
2.591329 
1.992265 
1.648110 
2.507527 
2.408607 
1.352369 
2.321067 
2.587683 
1.422996 
2.065577 
2.606633 
1.683283 
1.802227 
2.543258 
1.958352 
1.611408 
2.453132 
2.154503 
1.524262 
2.345424 
2.280106 
1.529995 
2.194280 
2.371838 
1.624295 
1.988422 
2.430093 
1.794957 
1.777596 
2.416401 
1.998737 
1.648215 
2.306225 
2.173546 
1.652466 
2.132735 
2.266083 
1.767440 
1.962473 
2.271511 
1.915920 
1.843729 
2.229990 
2.038214 
1.782052 
2.170956 
2.130827 
1.765429 
2.087512 
2.208460 
1.801397 
1.964502 
2.261839 
1.899022 
1.828157 
2.257987 
2.032260 
1.743549 
2.182057 
2.145429 
1.750984 
2.070252 
2.192352 
1.823233 
1.984541 
2.175551 
1.888930 
1.959857 
2.142640 
1.903121 
1.969465 
1.506524 
2.576419 
0.899094 
1.729602 
1.722540 
1.718821 
2.307912 
1.331006 
2.738093 
1.408372 
1.766541 
Breakpoint2Holi3.910810 
3.816792 
1.326690 
2.484324 
2.539251 
2.079363 
1.543997 
2.568504 
2.374450 
1.449848 
2.184908 
2.688624 
1.364519 
2.093830 
2.562172 
1.748935 
1.788142 
2.498102 
2.031666 
1.534600 
2.504467 
2.112579 
1.566335 
2.302530 
2.316937 
1.534703 
2.149582 
2.416057 
1.587251 
2.021848 
2.391658 
1.841936 
1.748655 
2.418210 
2.018952 
1.611980 
2.339355 
2.141832 
1.688568 
2.099020 
2.289431 
1.764865 
1.944561 
2.294323 
1.890534 
1.873890 
2.197636 
2.067921 
1.765331 
2.171426 
2.141026 
1.746439 
2.111616 
2.180822 
1.832043 
1.939530 
2.274973 
1.900196 
1.813501 
2.275635 
2.012799 
1.768283 
2.155496 
2.167854 
1.742477 
2.063403 
2.205117 
1.806491 
2.004904 
2.153272 
1.910752 
1.944837 
2.147578 
1.910231 
1.951914 
1.561228 
2.473357 
1.081707 
1.904446 
1.200847 
2.621136 
1.200326 
2.673635 
1.136347 
2.979057 
1.015262 
Breakpoint2Holi3.913609 
3.826749 
3.471938 
0.467143 
2.983679 
2.704750 
1.149887 
2.155493 
2.984774 
1.551439 
1.672954 
2.781531 
2.084227 
1.437043 
2.484533 
2.386605 
1.451061 
2.230058 
2.368355 
1.901968 
1.745670 
2.408563 
2.165414 
1.581559 
2.241630 
2.330896 
1.725994 
1.896398 
2.456352 
1.876260 
1.734042 
2.344691 
2.136301 
1.640996 
2.172933 
2.328837 
1.609178 
2.088167 
2.322220 
1.778616 
1.910628 
2.323832 
1.957704 
1.721082 
2.338468 
2.058959 
1.693458 
2.194811 
2.220466 
1.726565 
1.994432 
2.329666 
1.826098 
1.857880 
2.266365 
2.053595 
1.731778 
2.157611 
2.216241 
1.715831 
2.051129 
2.236958 
1.865151 
1.882627 
2.245800 
1.997204 
1.766658 
2.230111 
2.073472 
1.766454 
2.117517 
2.182152 
1.780366 
2.000875 
1.620467 
2.484412 
1.060407 
1.919295 
1.204465 
2.573438 
0.992214 
2.754412 
1.378071 
2.792749 
1.046925 
Breakpoint2Holi3.916088 
3.830753 
3.757551 
2.005045 
1.661648 
2.544334 
2.676023 
1.742550 
1.794208 
2.615589 
2.469380 
1.123344 
2.490201 
2.662245 
1.505628 
1.816666 
2.784785 
1.937957 
1.488756 
2.501965 
2.353948 
1.560135 
2.062493 
2.462610 
1.914492 
1.763928 
2.251726 
2.327212 
1.640248 
2.028974 
2.389174 
1.937395 
1.738156 
2.270681 
2.286443 
1.565938 
2.144812 
2.340611 
1.768108 
1.903930 
2.319389 
1.958468 
1.742752 
2.325796 
2.006018 
1.721218 
2.238627 
2.179875 
1.688868 
2.053722 
2.343320 
1.794767 
1.861768 
2.282097 
2.061127 
1.729848 
2.147792 
2.200401 
1.730534 
2.068464 
2.210999 
1.835990 
1.926067 
2.256164 
1.968453 
1.768118 
2.248786 
2.079930 
1.760501 
2.111325 
2.176269 
1.790239 
2.010297 
1.600394 
2.422004 
1.104623 
1.971523 
1.153620 
2.476195 
0.876966 
2.591192 
1.590111 
3.000593 
1.025532 
Breakpoint2Holi3.918480 
3.834433 
3.771397 
3.405301 
1.699908 
1.386900 
2.915202 
2.755713 
1.077126 
2.378012 
2.611137 
2.179624 
1.444440 
2.479338 
2.425370 
1.836016 
1.786472 
2.465292 
2.375639 
1.371724 
2.285553 
2.527023 
1.777605 
1.675881 
2.604605 
2.126113 
1.492535 
2.312882 
2.371627 
1.768914 
1.820251 
2.435340 
2.095312 
1.671731 
2.142526 
2.365867 
1.854236 
1.763135 
2.367500 
2.192594 
1.628238 
2.075181 
2.438382 
1.806365 
1.753830 
2.372589 
2.169946 
1.630862 
2.092022 
2.366717 
1.797760 
1.850190 
2.271497 
2.053139 
1.761516 
2.141426 
2.143429 
1.747413 
2.122775 
2.177526 
1.789672 
1.985996 
2.270874 
1.933051 
1.774988 
2.270879 
2.081574 
1.749950 
2.112041 
2.179787 
1.796860 
2.007728 
1.581865 
2.387489 
1.154145 
1.980782 
1.125395 
2.467746 
0.905129 
2.597466 
1.582410 
2.975183 
1.061173 
Breakpoint2Holi3.920758 
3.837991 
3.777168 
3.616962 
2.654234 
1.582377 
1.977857 
2.589758 
2.839417 
1.397668 
1.866136 
2.850420 
2.367989 
1.176293 
2.406139 
2.737524 
1.631803 
1.783489 
2.520120 
2.404301 
1.472530 
2.126490 
2.476001 
2.132115 
1.500273 
2.302646 
2.544589 
1.548124 
1.897286 
2.526685 
2.151328 
1.426404 
2.348855 
2.413700 
1.660948 
1.889684 
2.414819 
2.157186 
1.560474 
2.219822 
2.336085 
1.870890 
1.763036 
2.328759 
2.239839 
1.602004 
2.096896 
2.355032 
1.942360 
1.694788 
2.313345 
2.229526 
1.674061 
2.029368 
2.315007 
2.008398 
1.693710 
2.240204 
2.219541 
1.757877 
1.967186 
2.261000 
1.956620 
1.814451 
2.213375 
1.972052 
1.855427 
2.185831 
2.040149 
1.756807 
2.154041 
1.596134 
2.292915 
1.200858 
2.033439 
1.099992 
2.388314 
0.954058 
2.601566 
1.622797 
2.975903 
1.051633 
Breakpoint2Holi3.922912 
3.841419 
3.781471 
3.687807 
2.903439 
3.003576 
1.328852 
1.735312 
3.182789 
2.352247 
1.330502 
2.273905 
2.681927 
2.239599 
1.497016 
2.223243 
2.703250 
1.938517 
1.495232 
2.540384 
2.508623 
1.506654 
1.969632 
2.583816 
2.085764 
1.601229 
2.231537 
2.430744 
1.872239 
1.758535 
2.320492 
2.361324 
1.631659 
1.951195 
2.494270 
2.025887 
1.603338 
2.274092 
2.403570 
1.667614 
1.902447 
2.410253 
2.103893 
1.644474 
2.153607 
2.373674 
1.826696 
1.804156 
2.308136 
2.225790 
1.654646 
2.040499 
2.379014 
1.927792 
1.737937 
2.245358 
2.266340 
1.721005 
1.954287 
2.322258 
2.056977 
1.709558 
2.128947 
2.319939 
1.804678 
1.847345 
2.285867 
2.089963 
1.731701 
2.100210 
1.491682 
2.226614 
1.470030 
1.960098 
1.087303 
2.444334 
0.955363 
2.374251 
1.659190 
2.932237 
1.361352 
Breakpoint2Holi3.925097 
3.844969 
3.785493 
3.721454 
3.137347 
3.106447 
2.152111 
1.263879 
2.675363 
2.688640 
2.375308 
1.247378 
2.426117 
2.869437 
1.820874 
1.448436 
2.726504 
2.479421 
1.567972 
1.928387 
2.587871 
2.292540 
1.505488 
2.103585 
2.646477 
1.946920 
1.500125 
2.454180 
2.497030 
1.512729 
1.907784 
2.611698 
2.049602 
1.540905 
2.274932 
2.446724 
1.766870 
1.779835 
2.393646 
2.267221 
1.610394 
2.014263 
2.476818 
1.954490 
1.642039 
2.288520 
2.363162 
1.667560 
1.900055 
2.421264 
2.081302 
1.637305 
2.152149 
2.393453 
1.798237 
1.782567 
2.348245 
2.205430 
1.629998 
2.049914 
2.408158 
1.879057 
1.737145 
2.286332 
2.230863 
1.707073 
1.982525 
2.325403 
2.002756 
1.162677 
2.349185 
1.814993 
1.644951 
1.393839 
2.225697 
1.046907 
2.414920 
1.675815 
2.787195 
1.492869 
Breakpoint2Holi3.927161 
3.848386 
3.789217 
3.737142 
3.359375 
3.031659 
2.778281 
2.092817 
1.263772 
2.910549 
2.799630 
1.547013 
1.701765 
2.883416 
2.424155 
1.558044 
1.971170 
2.687373 
2.354622 
1.339171 
2.241014 
2.733513 
1.870011 
1.493331 
2.596761 
2.385454 
1.603769 
1.949034 
2.522685 
2.149109 
1.595432 
2.166410 
2.479645 
1.918721 
1.638957 
2.399957 
2.361529 
1.604730 
1.950185 
2.517798 
2.016327 
1.596923 
2.280327 
2.379136 
1.746719 
1.824502 
2.412696 
2.162961 
1.624435 
2.098805 
2.421276 
1.873854 
1.714389 
2.338543 
2.245027 
1.676320 
1.982213 
2.387442 
2.000408 
1.693188 
2.197224 
2.317881 
1.794589 
1.822856 
2.353396 
2.153239 
1.641182 
2.077854 
1.885490 
1.664199 
1.835128 
1.795519 
1.928773 
1.198025 
1.990971 
1.726026 
2.088220 
2.902180 
1.555609 
Breakpoint2Holi3.929197 
3.851822 
3.792943 
3.745981 
3.529702 
2.974025 
3.173625 
2.454172 
0.892168 
2.773576 
2.794766 
2.308742 
1.351217 
2.394459 
2.774807 
2.139425 
1.293251 
2.609037 
2.633531 
1.680102 
1.750168 
2.618830 
2.346473 
1.598472 
2.012440 
2.551263 
2.191399 
1.485710 
2.250792 
2.597580 
1.746864 
1.681010 
2.541193 
2.296216 
1.513330 
2.102790 
2.515834 
1.939285 
1.655454 
2.315581 
2.378362 
1.696026 
1.884049 
2.433970 
2.140028 
1.602749 
2.161193 
2.427200 
1.806557 
1.781831 
2.350297 
2.230842 
1.650565 
2.032990 
2.399743 
1.958096 
1.699724 
2.247724 
2.327580 
1.685480 
1.921796 
2.403991 
2.034301 
1.655423 
2.209196 
2.324930 
1.748821 
1.550911 
1.896393 
2.311761 
0.963420 
2.355018 
1.575025 
1.552017 
1.180192 
3.142568 
1.803927 
2.360414 
Breakpoint2Holi3.947543 
3.895298 
3.839142 
3.499713 
3.011755 
3.220057 
2.381793 
0.892781 
2.806975 
2.794442 
2.304756 
1.322829 
2.392511 
2.822602 
2.149744 
1.254287 
2.584754 
2.653321 
1.725841 
1.733830 
2.578975 
2.340813 
1.619321 
2.018636 
2.554038 
2.176972 
1.468699 
2.264044 
2.627581 
1.742300 
1.653159 
2.530854 
2.313281 
1.533002 
2.094175 
2.496710 
1.931378 
1.664760 
2.329207 
2.386075 
1.681446 
1.867430 
2.442441 
2.163636 
1.601337 
2.142013 
2.416374 
1.813537 
1.794233 
2.353458 
2.224508 
1.636738 
2.032852 
2.416159 
1.970777 
1.685236 
2.232658 
2.328691 
1.698838 
1.928012 
2.397061 
2.023138 
1.652006 
2.218450 
2.335812 
1.749821 
1.544665 
1.927599 
2.338426 
1.080209 
2.563211 
1.982475 
1.405063 
1.741305 
2.338502 
1.760547 
1.855644 
Breakpoint2Holi3.951459 
3.901817 
3.861124 
3.567764 
2.818056 
2.752556 
1.338875 
1.972242 
3.161787 
2.421210 
0.969280 
2.479175 
2.899837 
1.964022 
1.461798 
2.539171 
2.492527 
1.954239 
1.668349 
2.424380 
2.518512 
1.584239 
1.883047 
2.702408 
2.136792 
1.373324 
2.377094 
2.582420 
1.682826 
1.773861 
2.485438 
2.231018 
1.654130 
2.074471 
2.396085 
2.022933 
1.681575 
2.228938 
2.441567 
1.724023 
1.787201 
2.451572 
2.218139 
1.546876 
2.132948 
2.467507 
1.780771 
1.770286 
2.400780 
2.211485 
1.600357 
2.071865 
2.419410 
1.929444 
1.715148 
2.256231 
2.281168 
1.709763 
1.969670 
2.353184 
2.016168 
1.700207 
2.189085 
2.309546 
1.803301 
1.561101 
1.990274 
2.218262 
1.076912 
2.611368 
1.955743 
1.374788 
1.802053 
2.306106 
1.894537 
1.690853 
Breakpoint2Holi3.952247 
3.903013 
3.863999 
3.682387 
2.878068 
3.162774 
2.449557 
1.005214 
2.761345 
2.560728 
2.558732 
1.394759 
2.186580 
2.739033 
2.470871 
1.032940 
2.502556 
2.788213 
1.888368 
1.372304 
2.707537 
2.435558 
1.742714 
1.806337 
2.473503 
2.422305 
1.543166 
2.015200 
2.569712 
2.176418 
1.340747 
2.431375 
2.515671 
1.699560 
1.699582 
2.566747 
2.238539 
1.552684 
2.133552 
2.373072 
2.071681 
1.621541 
2.283762 
2.338107 
1.835044 
1.758309 
2.393612 
2.295294 
1.556118 
2.056845 
2.420712 
2.032767 
1.594328 
2.311718 
2.320770 
1.712271 
1.879508 
2.405349 
2.162613 
1.548539 
2.171083 
2.373487 
1.898247 
1.714106 
2.057857 
1.819692 
1.815905 
1.417891 
2.841064 
1.675148 
1.537194 
1.896484 
2.157234 
0.721726 
2.985103 
Breakpoint2Holi3.955423 
3.908298 
3.873088 
3.745973 
2.617589 
2.986511 
1.273534 
1.911351 
3.190200 
2.362721 
1.115492 
2.509869 
2.635109 
2.267074 
1.492252 
2.258882 
2.556214 
2.406604 
1.201605 
2.334194 
2.786529 
1.795970 
1.439717 
2.711898 
2.396291 
1.369929 
2.163785 
2.572970 
2.026834 
1.509035 
2.403353 
2.367553 
1.945491 
1.648471 
2.360283 
2.441177 
1.624543 
1.867977 
2.524351 
2.167908 
1.404170 
2.350897 
2.451889 
1.692566 
1.742302 
2.525895 
2.168950 
1.559733 
2.158333 
2.327178 
2.014245 
1.698683 
2.244288 
2.271780 
1.830576 
1.828666 
2.330651 
2.261192 
1.558303 
2.067429 
2.430041 
1.957009 
1.618144 
2.066182 
2.035865 
1.712600 
1.305770 
2.831209 
1.746065 
1.509780 
1.870784 
2.134781 
0.915575 
2.804625 
Breakpoint2Holi3.958263 
3.913165 
3.879370 
3.746706 
2.314227 
1.590891 
2.096824 
2.615236 
2.864134 
1.646710 
1.494650 
3.047380 
2.463919 
1.043775 
2.310415 
2.841388 
2.005128 
1.426715 
2.521560 
2.352169 
2.077670 
1.649796 
2.304077 
2.453562 
1.822747 
1.710715 
2.516263 
2.414383 
1.294533 
2.164259 
2.707549 
1.851797 
1.421813 
2.598564 
2.346678 
1.511119 
2.045012 
2.474253 
2.034227 
1.610533 
2.291746 
2.294728 
1.949198 
1.702584 
2.294884 
2.384832 
1.662332 
1.860580 
2.453352 
2.167839 
1.456187 
2.278222 
2.439966 
1.676661 
1.770745 
2.509873 
2.131854 
1.514966 
2.210037 
2.334742 
1.907428 
1.755784 
2.074373 
2.003708 
1.594159 
1.397664 
2.833439 
1.644506 
1.626147 
2.099400 
1.819668 
0.923859 
2.834695 
Breakpoint2Holi3.960979 
3.918003 
3.884884 
3.599999 
1.750684 
0.884852 
3.319734 
2.528051 
1.509469 
1.925005 
2.668451 
2.482669 
1.878032 
1.620782 
2.563871 
2.693018 
1.214749 
1.998668 
2.910305 
1.982134 
1.227600 
2.714166 
2.443686 
1.465466 
1.940194 
2.670603 
2.029894 
1.530921 
2.325973 
2.320252 
2.039337 
1.707718 
2.219338 
2.313051 
1.950373 
1.722316 
2.305006 
2.381479 
1.523362 
2.016564 
2.560233 
1.979921 
1.438065 
2.429976 
2.437532 
1.499708 
1.926433 
2.551043 
2.004958 
1.519959 
2.384675 
2.270217 
1.738793 
1.891157 
2.344896 
2.149606 
1.716773 
2.041763 
2.259499 
2.128754 
1.658811 
1.948355 
2.149791 
1.662956 
1.459827 
2.554194 
1.733680 
1.751242 
2.040688 
1.667291 
1.148016 
2.666618 
Breakpoint2Holi3.963570 
3.922791 
3.889362 
2.606980 
1.513896 
1.914220 
3.081866 
2.261728 
0.894560 
2.598246 
3.039624 
1.371384 
1.589112 
3.021762 
2.160663 
1.432623 
2.348446 
2.414674 
2.018899 
1.746505 
2.229786 
2.344343 
2.082257 
1.582069 
2.329605 
2.593412 
1.558296 
1.734428 
2.672929 
2.227381 
1.251701 
2.317718 
2.632758 
1.610365 
1.658988 
2.702669 
2.104304 
1.372174 
2.327154 
2.452699 
1.768658 
1.689663 
2.475178 
2.131590 
1.730508 
2.059327 
2.242811 
2.052288 
1.786677 
2.135305 
2.194413 
2.024914 
1.751876 
2.177243 
2.341923 
1.744939 
1.844190 
2.337149 
2.216457 
1.519111 
1.959793 
2.342477 
1.577476 
1.405955 
2.479364 
1.790360 
1.750290 
2.005637 
1.658353 
1.273782 
2.547599 
Breakpoint2Holi3.965862 
3.927129 
3.881563 
0.590049 
2.702273 
2.697167 
1.998613 
1.781438 
2.232480 
2.402462 
2.298375 
1.528288 
2.177290 
2.772352 
1.735292 
1.503093 
2.767110 
2.456776 
1.111176 
2.203205 
2.913629 
1.650475 
1.371393 
2.815018 
2.293614 
1.391399 
2.118281 
2.557124 
1.920681 
1.680801 
2.334426 
2.193044 
1.888016 
1.895791 
2.247762 
2.192850 
1.841429 
1.894474 
2.302748 
2.279006 
1.541905 
2.065343 
2.482497 
1.906613 
1.582447 
2.390666 
2.368798 
1.439030 
2.037316 
2.595559 
1.858550 
1.474030 
2.490481 
2.331400 
1.470585 
2.000074 
2.527057 
1.912389 
1.554337 
2.314260 
2.277356 
1.263533 
1.418814 
2.600363 
2.006972 
1.392082 
2.034953 
1.929769 
2.113319 
1.379668 
Breakpoint2Holi3.966278 
3.927876 
3.895816 
2.786655 
1.451171 
1.791539 
3.157797 
2.302500 
0.756065 
2.645195 
3.032002 
1.479548 
1.386154 
3.092243 
2.226567 
1.407492 
2.265689 
2.437469 
2.182839 
1.711139 
2.117347 
2.285688 
2.318323 
1.481311 
2.196320 
2.613347 
1.789895 
1.562444 
2.570684 
2.472959 
1.199588 
2.107526 
2.742381 
1.872691 
1.379081 
2.584067 
2.357801 
1.457169 
2.060602 
2.491001 
1.985981 
1.550465 
2.386741 
2.229244 
1.830001 
1.884619 
2.234575 
2.205029 
1.837843 
1.945445 
2.169179 
2.239905 
1.717718 
1.985485 
2.367470 
2.011758 
1.641257 
2.206280 
2.354527 
1.582924 
1.663854 
1.780544 
2.311219 
1.207557 
2.532473 
1.678411 
1.629816 
2.096210 
2.036768 
Breakpoint2Holi3.966763 
3.928753 
3.897806 
3.630272 
0.768546 
1.788089 
3.542569 
1.974227 
0.908660 
2.952777 
2.643620 
1.585384 
1.804960 
2.617124 
2.379052 
1.894181 
1.742687 
2.413211 
2.673448 
1.403826 
1.844859 
2.806801 
2.132317 
1.218256 
2.473108 
2.704475 
1.398207 
1.782711 
2.848985 
2.010948 
1.302057 
2.490658 
2.481507 
1.634044 
1.796435 
2.528250 
2.116876 
1.693821 
2.124469 
2.281463 
2.015616 
1.797127 
2.160798 
2.263942 
1.947606 
1.758442 
2.275798 
2.353082 
1.624998 
1.913999 
2.478696 
2.061226 
1.503158 
2.298534 
2.457253 
1.555795 
1.851154 
2.515478 
1.967339 
1.313414 
1.670097 
2.629198 
1.200529 
2.278789 
1.779569 
1.921991 
1.385718 
2.565668 
Breakpoint2Holi3.968220 
3.931530 
3.900775 
2.486311 
1.438478 
2.174277 
3.438412 
0.908354 
1.729515 
3.332637 
2.083203 
0.900418 
2.725179 
2.794114 
1.367275 
1.863611 
2.715787 
2.189287 
1.681084 
2.127181 
2.310697 
2.245104 
1.685873 
2.035423 
2.536121 
1.993392 
1.506937 
2.432710 
2.609282 
1.317089 
1.890494 
2.856089 
1.889294 
1.315704 
2.556748 
2.486669 
1.395630 
1.967969 
2.663238 
1.874582 
1.525080 
2.480896 
2.266647 
1.642622 
1.973326 
2.382171 
2.050429 
1.778034 
2.091583 
2.221554 
2.045194 
1.798140 
2.120078 
2.269262 
1.887150 
1.791232 
2.240889 
2.190327 
1.470144 
1.828598 
2.211585 
1.130929 
2.500823 
1.711125 
1.767870 
1.468162 
2.581953 
Breakpoint2Holi3.969767 
3.934555 
3.896494 
0.371282 
3.454189 
2.165342 
1.974963 
1.924546 
2.115090 
2.900202 
1.407780 
1.752974 
2.742802 
2.476027 
1.036190 
2.272725 
3.039391 
1.286118 
1.691513 
2.966379 
2.089848 
1.186410 
2.579635 
2.488483 
1.532810 
1.881789 
2.536949 
2.131482 
1.677220 
2.130431 
2.270744 
2.160566 
1.754221 
2.014457 
2.386238 
2.012593 
1.636150 
2.277724 
2.475569 
1.500731 
1.894899 
2.687556 
1.922940 
1.403247 
2.436251 
2.503386 
1.405405 
1.902503 
2.689490 
1.866120 
1.479288 
2.503485 
2.299201 
1.500387 
2.003515 
2.483551 
1.866711 
1.385167 
2.296306 
2.158494 
1.425790 
1.751050 
1.898121 
2.179634 
1.223061 
2.181574 
Breakpoint2Holi3.970661 
3.936276 
3.864962 
0.129519 
3.785388 
1.732981 
1.258602 
2.959665 
2.064429 
2.062205 
1.836826 
2.104447 
2.864092 
1.158788 
1.944312 
3.059782 
1.609628 
1.392902 
2.895024 
2.344574 
1.006935 
2.503171 
2.599372 
1.475620 
1.851513 
2.575301 
2.099259 
1.695909 
2.122695 
2.265133 
2.178644 
1.728953 
2.044419 
2.371035 
2.002996 
1.689043 
2.225350 
2.483980 
1.541688 
1.843646 
2.699691 
1.931577 
1.382704 
2.449752 
2.490354 
1.419826 
1.904945 
2.666699 
1.910863 
1.459236 
2.477648 
2.342268 
1.474584 
1.994289 
2.499115 
1.851289 
1.396759 
2.292002 
2.152699 
1.507830 
1.668221 
1.905611 
2.184859 
1.209518 
2.194282 
Breakpoint2Holi3.971511 
3.937912 
3.700238 
0.243105 
3.841191 
0.573944 
2.348370 
2.993832 
1.390735 
1.927658 
2.587761 
1.993316 
1.981043 
1.930041 
2.185496 
2.622000 
1.150706 
2.230847 
2.968775 
1.048190 
1.928072 
3.007689 
1.715012 
1.283393 
2.839473 
2.213561 
1.354778 
2.330564 
2.252738 
2.012181 
1.898929 
1.980487 
2.298904 
2.094128 
1.621767 
2.241628 
2.481790 
1.529360 
1.911609 
2.583825 
2.060176 
1.430751 
2.254436 
2.642922 
1.430409 
1.773246 
2.749141 
1.878228 
1.443132 
2.501771 
2.312152 
1.535454 
1.944898 
2.502762 
1.944764 
1.318140 
2.260296 
2.224741 
1.576274 
1.504846 
2.024705 
2.073885 
1.283961 
2.219067 
Breakpoint2Holi3.972403 
3.939551 
2.794008 
1.141082 
3.722581 
0.274491 
2.844363 
2.815785 
0.484889 
2.774717 
2.672703 
1.057243 
2.248994 
2.582690 
1.766136 
1.890606 
2.200085 
2.203355 
2.302126 
1.359953 
2.359556 
2.772117 
0.947224 
2.115076 
2.964288 
1.430619 
1.545520 
2.878613 
2.031506 
1.304778 
2.571603 
2.159035 
1.704601 
2.106878 
2.090679 
2.176861 
1.931308 
1.788738 
2.326099 
2.348002 
1.359561 
2.094127 
2.750525 
1.425145 
1.707127 
2.778800 
1.883724 
1.417629 
2.512088 
2.312435 
1.526911 
1.952746 
2.496203 
1.948093 
1.328886 
2.246531 
2.227158 
1.645970 
1.455962 
1.999633 
2.080164 
1.331937 
2.165086 
Breakpoint2Holi3.973238 
3.940414 
1.045546 
2.890711 
2.986839 
0.956596 
2.924483 
2.244852 
0.754135 
3.083522 
2.356439 
0.574133 
2.928015 
2.517875 
0.816657 
2.509306 
2.566118 
1.522213 
2.018349 
2.275347 
2.185516 
2.078000 
1.570292 
2.357812 
2.552926 
1.060606 
2.242594 
2.826555 
1.205434 
1.887461 
2.858405 
1.745902 
1.375778 
2.763816 
2.066496 
1.444870 
2.350498 
2.134342 
2.025061 
1.914714 
1.927237 
2.304412 
2.101236 
1.554856 
2.217410 
2.542805 
1.326819 
1.981280 
2.784181 
1.512394 
1.587670 
2.733934 
1.956799 
1.173904 
2.283877 
2.250353 
1.634453 
1.410833 
2.062619 
2.014512 
1.373387 
2.179045 
Breakpoint2Holi3.974072 
3.935706 
0.189794 
3.753295 
1.114842 
2.825058 
2.281443 
1.853252 
1.733008 
2.840164 
1.775988 
1.265600 
2.946532 
2.166086 
0.812407 
2.827684 
2.516470 
0.741514 
2.589447 
2.593930 
1.252217 
2.226724 
2.343892 
1.889510 
2.027643 
1.920958 
2.164779 
2.311597 
1.411300 
2.246849 
2.674787 
1.161085 
2.019574 
2.875392 
1.542256 
1.452299 
2.855611 
2.016817 
1.266283 
2.570806 
2.154571 
1.660192 
2.137166 
2.102888 
2.054254 
1.962950 
1.890184 
2.188619 
2.308492 
1.478448 
2.027521 
2.677125 
1.374636 
1.626260 
2.258065 
2.408188 
0.877691 
1.896124 
1.873633 
1.805815 
1.845801 
Breakpoint2Holi3.974938 
3.870783 
0.110004 
3.887109 
0.187794 
3.762387 
0.747659 
2.834145 
2.246633 
1.529452 
2.301120 
2.019073 
2.181600 
1.963910 
1.707987 
2.438193 
2.211317 
1.224199 
2.464704 
2.611651 
0.876312 
2.455057 
2.720133 
0.984951 
2.264358 
2.642493 
1.447060 
1.893730 
2.489217 
1.888109 
1.942388 
1.993908 
2.090014 
2.428242 
1.477613 
1.960065 
2.700932 
1.644353 
1.547017 
2.711372 
2.088541 
1.174382 
2.610041 
2.328718 
1.247949 
2.233179 
2.455209 
1.704846 
1.820936 
2.341201 
1.981645 
1.838669 
2.027986 
1.833869 
1.994812 
1.534504 
2.267154 
1.110741 
1.608227 
2.228527 
Breakpoint2Holi3.975992 
2.759274 
1.208834 
3.562990 
0.408088 
3.744370 
0.296207 
2.590187 
2.949138 
0.448247 
2.621288 
2.808163 
0.756699 
2.294144 
2.806079 
1.267186 
1.828065 
2.741808 
1.701792 
1.685583 
2.440161 
1.918828 
2.128266 
1.808557 
1.967718 
2.753755 
1.303993 
1.761182 
3.020488 
1.494003 
1.351018 
2.959519 
1.972719 
1.143929 
2.669375 
2.267171 
1.394142 
2.190926 
2.374408 
1.758049 
1.871464 
2.251083 
1.982581 
2.121303 
1.780724 
2.004049 
2.540221 
1.546505 
1.776549 
2.619056 
1.912736 
1.355497 
2.250717 
2.519212 
1.198793 
1.674591 
1.688350 
2.096502 
1.204948 
Breakpoint2Holi3.976243 
3.906912 
0.085686 
3.888057 
0.262134 
3.685628 
1.026853 
2.657132 
2.150733 
1.918360 
2.046401 
1.884908 
2.463241 
1.933939 
1.460188 
2.567905 
2.376888 
0.953358 
2.443555 
2.800389 
0.796516 
2.225126 
2.922042 
1.166816 
1.926323 
2.742561 
1.677691 
1.775428 
2.380348 
1.934899 
2.083760 
1.853087 
2.005981 
2.564840 
1.523586 
1.787442 
2.732270 
1.925495 
1.271105 
2.560491 
2.445440 
1.111852 
2.260557 
2.592150 
1.472424 
1.882945 
2.518741 
1.877748 
1.694033 
2.258354 
2.031145 
1.754249 
2.008211 
1.826919 
2.040103 
0.962040 
2.581679 
1.401515 
Breakpoint2Holi3.976481 
3.943862 
0.260488 
3.684864 
1.465616 
2.478466 
2.769762 
1.260083 
1.899006 
3.305545 
0.864241 
1.752364 
3.415698 
1.140570 
1.353371 
3.372693 
1.663967 
0.942584 
3.189056 
2.027067 
1.034892 
2.758990 
2.135279 
1.802689 
2.064623 
1.960042 
2.443388 
1.840140 
1.566878 
2.587218 
2.209120 
1.149287 
2.520878 
2.548137 
1.113727 
2.152592 
2.758869 
1.531144 
1.572557 
2.775557 
1.917318 
1.543266 
2.390001 
2.040730 
2.033912 
1.914493 
1.950065 
2.294718 
1.932191 
1.649320 
2.084985 
2.407607 
1.274671 
1.887224 
1.764184 
1.937080 
1.601672 
Breakpoint2Holi3.976673 
3.948331 
3.558720 
0.387236 
3.859118 
0.154544 
3.757507 
1.586921 
1.175538 
3.101618 
1.907058 
1.861860 
2.101965 
2.009059 
2.736590 
1.227312 
1.903791 
3.153363 
1.234603 
1.493822 
3.197664 
1.784162 
1.076854 
3.007413 
2.043776 
1.429195 
2.419779 
2.048748 
2.153389 
1.880933 
1.822676 
2.531309 
2.141154 
1.261727 
2.436399 
2.678324 
1.157653 
1.899421 
2.908503 
1.696439 
1.429854 
2.692144 
2.033393 
1.763629 
2.103305 
2.052044 
2.223797 
1.868124 
1.756321 
2.100510 
2.384925 
1.275361 
1.895812 
1.760264 
1.935723 
1.622886 
Breakpoint2Holi3.976862 
3.948738 
3.920656 
0.549339 
3.372633 
2.878706 
1.061158 
2.258644 
3.284109 
0.472346 
2.289143 
3.222045 
0.969710 
1.790744 
3.093786 
1.736039 
1.515344 
2.577668 
2.016975 
2.397203 
1.496041 
1.999698 
3.071667 
1.238738 
1.541436 
3.163456 
1.818434 
1.099889 
2.850782 
2.152554 
1.712892 
2.049972 
2.115487 
2.340745 
2.003756 
1.570350 
2.282559 
2.686483 
1.162807 
1.963577 
2.913868 
1.595810 
1.464864 
2.770703 
2.058357 
1.529151 
2.198695 
2.178509 
1.869679 
1.821747 
1.910149 
2.028113 
1.569812 
1.724170 
2.059860 
Breakpoint2Holi3.977763 
3.950633 
3.859775 
0.109247 
3.873315 
0.456452 
3.441509 
1.941346 
1.980751 
1.953437 
2.030563 
3.034567 
0.933227 
1.900796 
3.352168 
1.170065 
1.344970 
3.322963 
1.864160 
0.870926 
3.019049 
2.173871 
1.474361 
2.262043 
2.088467 
2.398998 
1.890300 
1.522848 
2.578511 
2.446257 
0.967546 
2.346468 
2.792276 
1.340787 
1.759663 
2.781418 
1.946941 
1.500905 
2.425376 
2.073986 
2.074528 
1.893545 
1.871971 
2.483863 
2.121340 
1.288878 
2.302596 
2.633852 
1.310815 
1.454254 
2.721984 
2.010341 
1.294313 
1.316588 
Breakpoint2Holi3.978122 
3.951365 
3.814453 
0.144211 
3.881398 
0.284687 
3.646723 
1.461436 
2.348847 
1.976042 
2.700998 
1.571222 
1.528382 
3.171255 
1.722182 
0.940653 
3.222116 
2.075973 
0.721857 
3.006515 
2.194431 
1.449891 
2.282271 
2.070276 
2.410137 
1.884627 
1.553106 
2.498165 
2.543721 
0.953491 
2.283215 
2.832415 
1.328108 
1.774786 
2.756926 
1.990419 
1.459647 
2.449459 
2.060028 
2.079182 
1.892325 
1.869755 
2.477962 
2.135457 
1.301570 
2.261627 
2.667232 
1.294545 
1.463990 
2.691731 
2.063836 
1.287230 
1.282701 
Breakpoint2Holi3.978291 
3.951716 
3.926658 
1.051800 
2.872244 
3.399369 
0.531444 
3.555753 
1.616659 
0.760793 
3.554832 
1.831122 
0.978125 
3.011339 
1.928005 
2.143627 
1.817103 
1.850405 
3.016593 
1.356317 
1.464087 
3.190192 
1.841797 
1.059060 
2.919395 
2.163464 
1.537496 
2.207034 
2.122345 
2.227669 
2.037707 
1.571095 
2.421164 
2.592906 
1.168795 
1.957711 
2.980927 
1.642305 
1.291226 
2.849381 
2.091052 
1.586625 
2.166362 
2.145664 
2.094831 
1.909324 
1.771136 
1.942607 
2.259870 
1.505461 
1.901566 
1.691469 
Breakpoint2Holi3.978508 
3.952159 
3.928234 
2.531948 
1.392623 
3.782020 
0.172467 
3.811769 
1.009755 
1.859264 
2.945436 
1.807756 
2.011547 
1.985741 
2.339704 
2.487975 
1.002029 
2.549214 
2.789361 
0.671463 
2.572642 
2.672601 
1.380840 
2.069559 
2.401077 
2.068533 
2.041937 
1.782207 
2.161113 
2.738500 
1.137591 
2.046429 
2.940280 
1.648979 
1.326299 
2.904012 
2.180257 
1.176084 
2.477260 
2.280775 
1.954782 
1.872429 
2.034918 
2.198603 
2.205144 
1.462472 
1.924045 
2.395033 
1.638448 
1.605841 
1.886782 
Breakpoint2Holi3.978875 
3.952920 
3.928959 
1.689636 
2.235583 
3.640252 
0.296335 
3.829816 
0.273430 
3.326539 
2.159332 
1.112392 
2.742955 
1.953927 
2.495583 
1.530882 
1.784021 
3.215175 
1.223049 
1.430934 
3.328169 
1.595130 
1.272586 
2.947843 
1.877855 
1.978456 
1.947615 
1.989673 
2.810135 
1.187159 
1.919466 
3.008386 
1.620214 
1.334384 
2.869919 
2.244098 
1.215316 
2.329962 
2.432829 
1.864660 
1.896992 
2.058647 
2.133379 
2.267847 
1.415006 
1.959991 
2.351791 
1.683510 
1.654103 
1.799883 
Breakpoint2Holi3.979223 
3.953641 
3.929300 
0.998768 
2.927804 
3.370155 
0.560458 
3.802108 
0.180926 
3.741479 
1.404448 
1.294513 
3.075394 
1.798373 
2.057122 
1.898679 
2.203713 
2.673587 
0.905877 
2.567259 
2.708078 
0.705187 
2.768885 
2.345488 
1.416357 
2.331975 
1.994639 
2.377136 
1.869533 
1.494610 
2.952980 
1.905933 
1.014420 
2.977464 
2.167053 
1.303712 
2.224178 
2.528373 
1.883712 
1.774231 
2.202978 
2.016129 
2.329452 
1.433930 
1.885628 
2.399720 
1.646057 
1.690086 
1.811713 
Breakpoint2Holi3.979570 
3.954365 
3.928582 
0.482380 
3.446687 
2.803024 
1.125448 
3.706183 
0.241910 
3.802181 
0.442211 
2.724732 
2.557873 
1.147542 
2.587911 
1.996177 
2.372880 
1.727621 
1.650231 
3.166511 
1.388280 
1.300249 
3.309529 
1.596293 
1.309286 
2.874843 
1.838412 
2.096445 
1.814111 
2.014577 
2.909572 
0.936039 
2.080729 
3.001825 
1.095959 
1.933225 
2.714716 
1.798725 
1.888132 
2.062537 
2.221739 
2.069277 
1.726129 
1.880309 
2.092049 
1.982691 
1.526569 
1.750899 
Breakpoint2Holi3.979870 
3.954991 
3.927620 
0.312429 
3.619168 
2.359521 
1.569055 
3.600643 
0.339251 
3.799350 
0.215322 
3.650993 
1.601822 
1.105833 
3.046943 
1.783600 
2.183343 
1.733053 
2.248777 
2.686398 
0.790500 
2.852427 
2.366090 
0.775164 
2.946136 
2.048227 
1.655729 
2.225835 
1.840040 
2.824561 
1.360167 
1.569427 
3.230643 
1.375179 
1.346458 
3.053344 
1.741653 
1.749138 
2.211015 
2.065750 
2.224812 
1.585949 
2.025016 
1.984977 
2.026491 
1.608576 
1.633913 
Breakpoint2Holi3.980157 
3.955589 
3.926014 
0.216068 
3.718591 
1.937543 
1.991558 
3.462606 
0.473432 
3.776963 
0.201519 
3.771985 
0.585298 
2.759089 
2.308398 
1.497305 
2.382036 
1.802775 
2.897871 
1.176019 
1.750572 
3.315919 
0.900001 
1.938385 
2.898887 
1.414215 
2.103011 
2.131895 
2.253785 
2.139688 
1.256832 
2.925110 
2.022208 
0.868553 
3.072730 
1.953724 
1.377937 
2.494438 
1.894450 
2.299112 
1.585335 
1.954715 
2.100989 
1.869738 
1.802989 
1.618306 
Breakpoint2Holi3.980329 
3.955948 
3.932766 
1.118200 
2.811269 
3.439471 
0.494357 
3.815622 
0.171993 
3.791232 
0.483633 
3.441866 
1.540569 
2.370246 
1.825847 
2.976474 
0.927569 
2.211571 
3.034750 
0.562210 
2.886638 
2.290006 
1.204008 
2.620316 
1.877261 
2.492734 
1.521131 
1.759947 
3.201848 
0.998733 
1.775645 
3.079633 
1.309565 
1.896594 
2.470829 
1.961336 
2.176527 
1.514636 
2.413867 
2.312698 
1.141565 
2.058428 
2.329477 
2.009045 
1.122900 
Breakpoint2Holi3.980467 
3.956236 
3.934098 
3.799881 
0.147390 
3.871744 
0.514324 
3.402510 
2.455692 
1.460116 
3.579943 
0.353192 
3.730115 
0.780687 
1.781068 
3.158367 
1.309752 
2.274785 
2.063484 
2.737703 
1.520931 
1.440005 
3.391674 
1.300393 
1.271326 
3.215677 
1.648418 
1.821936 
2.194147 
2.129688 
2.554403 
1.015834 
2.551811 
2.570648 
0.796075 
2.756987 
2.213330 
1.475490 
2.131039 
2.115977 
2.031974 
1.236744 
2.361765 
2.016188 
Breakpoint2Holi3.980655 
3.956628 
3.934651 
3.881065 
0.111931 
3.831251 
1.297694 
2.616234 
3.318317 
0.602204 
3.767545 
0.205345 
3.765734 
0.523162 
3.272975 
1.894133 
2.028666 
1.857140 
2.237333 
2.844124 
0.642562 
3.025438 
2.264548 
0.743089 
3.082681 
1.960000 
1.937471 
1.938006 
1.972155 
3.007863 
0.839587 
2.191309 
2.977843 
0.866868 
2.437981 
2.423301 
1.608522 
1.986397 
2.123374 
2.112667 
1.227331 
2.324870 
2.061573 
Breakpoint2Holi3.980840 
3.957014 
3.935192 
3.905397 
0.231352 
3.689853 
2.433918 
1.480497 
3.688438 
0.248504 
3.808509 
0.294563 
3.630564 
1.148069 
2.754361 
2.395141 
1.900939 
1.439352 
3.445339 
1.029290 
1.603939 
3.254666 
1.252051 
2.099906 
2.367507 
2.285928 
1.810372 
1.623146 
3.215896 
1.284664 
1.385555 
3.310635 
1.411478 
1.634513 
2.693333 
1.889708 
1.866838 
1.923550 
2.232596 
1.510600 
1.908817 
2.213018 
Breakpoint2Holi3.981330 
3.958067 
3.936692 
3.804848 
0.144094 
3.876251 
0.488062 
3.431431 
2.397121 
1.520746 
3.565846 
0.366517 
3.776946 
0.231501 
3.709128 
0.951397 
2.438489 
2.322053 
2.294607 
1.635845 
1.863880 
3.316475 
0.671943 
2.167875 
3.064038 
0.824248 
2.557482 
2.339073 
1.875515 
2.014835 
1.841496 
2.972030 
1.171394 
1.723653 
3.224686 
1.017796 
1.705083 
2.941026 
1.491423 
1.220144 
2.438308 
Breakpoint2Holi3.981724 
3.958911 
3.937838 
3.237429 
0.697364 
3.858190 
0.137356 
3.814906 
0.707066 
3.213996 
2.365149 
1.556163 
3.449309 
0.483089 
3.718693 
0.351114 
2.857002 
2.524945 
0.776502 
3.039233 
1.933171 
2.328166 
1.530939 
2.194598 
2.904663 
0.672861 
2.783655 
2.470247 
0.753491 
3.023854 
1.998256 
1.680844 
2.226587 
1.906818 
2.696918 
1.144217 
1.935843 
2.977668 
0.809345 
1.661269 
Breakpoint2Holi3.981946 
3.959382 
3.938492 
3.129770 
0.805279 
3.851285 
0.133258 
3.827010 
0.603612 
3.318798 
2.176036 
1.745529 
3.371237 
0.559331 
3.711408 
0.257999 
3.697731 
0.957747 
2.023708 
2.693387 
1.923884 
1.980215 
1.788119 
3.193453 
0.835811 
1.985341 
3.188221 
0.699315 
2.653461 
2.349794 
1.467109 
2.380024 
1.857223 
2.645803 
1.281032 
1.778696 
3.056853 
0.843988 
1.575999 
Breakpoint2Holi3.982158 
3.959832 
3.939124 
3.073421 
0.862088 
3.847716 
0.132119 
3.832916 
0.554210 
3.369203 
2.073569 
1.848362 
3.325068 
0.604908 
3.700968 
0.261524 
3.737891 
0.412542 
3.424942 
1.715232 
1.981432 
1.956085 
2.700412 
1.761781 
1.230687 
3.441254 
1.067099 
1.653805 
3.048427 
1.342586 
2.294982 
2.004658 
2.392985 
1.641707 
1.572007 
3.045312 
1.071708 
1.357337 
Breakpoint2Holi3.982366 
3.960275 
3.939746 
3.001566 
0.934391 
3.842659 
0.132243 
3.838873 
0.501440 
3.423125 
1.952695 
1.969629 
3.265800 
0.663575 
3.686148 
0.271419 
3.744045 
0.355169 
3.543009 
1.306899 
2.521403 
1.819023 
2.932824 
0.919479 
2.619296 
2.478888 
0.637961 
3.361479 
1.645346 
1.460703 
2.627259 
1.884617 
2.233980 
1.437415 
2.556647 
1.936029 
0.965220 
Breakpoint2Holi3.982477 
3.960509 
3.940170 
3.910020 
0.182823 
3.745425 
2.198863 
1.719889 
3.653666 
0.280649 
3.817389 
0.246833 
3.685517 
0.962572 
2.951908 
2.462031 
1.445830 
3.454301 
0.455961 
3.584310 
1.155185 
1.618907 
2.921641 
1.664606 
2.198537 
1.766015 
3.153190 
0.878493 
1.973099 
3.146804 
0.671592 
2.669280 
2.234578 
1.221298 
2.431045 
1.789993 
Breakpoint2Holi3.982625 
3.960824 
3.940617 
3.919129 
0.576790 
3.343841 
3.260992 
0.661049 
3.814740 
0.169334 
3.786686 
0.647465 
3.267134 
2.177179 
1.736032 
3.366714 
0.553137 
3.681274 
0.332066 
3.583206 
1.062318 
2.754757 
1.840236 
2.702170 
1.156614 
2.631131 
2.444413 
0.642828 
3.399005 
1.627146 
1.297271 
2.748576 
1.727684 
2.014430 
1.717053 
Breakpoint2Holi3.982735 
3.961057 
3.940948 
3.922334 
3.574870 
0.350248 
3.872021 
0.321617 
3.592361 
2.237242 
1.670269 
3.596322 
0.329473 
3.788102 
0.265686 
3.657990 
1.099196 
2.769400 
2.988121 
0.867068 
3.554754 
0.854878 
1.730865 
3.181658 
1.139132 
2.576373 
1.907405 
2.820536 
1.093687 
2.039549 
3.056197 
0.512896 
2.620091 
2.401117 
Breakpoint2Holi3.982891 
3.961389 
3.941420 
3.922941 
3.767087 
0.169138 
3.868761 
0.667777 
3.240606 
2.992618 
0.917218 
3.745137 
0.208166 
3.781333 
0.465485 
3.441341 
1.860065 
2.011533 
3.387068 
0.483847 
3.693730 
0.378112 
3.469543 
1.694568 
1.879047 
2.091912 
2.876019 
1.376266 
1.487163 
3.401130 
0.658980 
2.021658 
2.881124 
Breakpoint2Holi3.983666 
3.963137 
3.944062 
3.925179 
1.019570 
2.904173 
3.557480 
0.372618 
3.845493 
0.194708 
3.740837 
0.997884 
2.917746 
2.695545 
1.222613 
3.558754 
0.375820 
3.745837 
0.267813 
3.665426 
0.820151 
3.039988 
2.004985 
2.212393 
1.450845 
3.259570 
1.063423 
1.535615 
3.394787 
0.622714 
2.193083 
2.734649 
Breakpoint2Holi3.984411 
3.964817 
3.946600 
3.833820 
0.123080 
3.894035 
0.412957 
3.517906 
2.200070 
1.728115 
3.511777 
0.424691 
3.785337 
0.197937 
3.776186 
0.397975 
3.535927 
1.120375 
2.807671 
2.281426 
1.647539 
2.700922 
1.867522 
1.153261 
3.538932 
0.795686 
1.911394 
3.051385 
0.721106 
2.612806 
2.231859 
Breakpoint2Holi3.984533 
3.965076 
3.946972 
3.901049 
0.091228 
3.863049 
1.063115 
2.865078 
3.162345 
0.768234 
3.757991 
0.199934 
3.811311 
0.295296 
3.640522 
0.960871 
2.964988 
2.214959 
1.712226 
3.198022 
0.734522 
3.581674 
0.474699 
2.561449 
2.744724 
0.575504 
3.278351 
1.727876 
1.217280 
2.711989 
Breakpoint2Holi3.985375 
3.967004 
3.949714 
1.894807 
2.051396 
3.691991 
0.260684 
3.869069 
0.147885 
3.809481 
0.531033 
3.407487 
1.644908 
2.292181 
2.890120 
1.050047 
3.512806 
0.436478 
3.719212 
0.253958 
3.750982 
0.374083 
3.060374 
2.249723 
0.697481 
3.229256 
1.689706 
1.220212 
2.714510 
Breakpoint2Holi3.986142 
3.968749 
3.922316 
0.065917 
3.910407 
0.377496 
3.574363 
1.641901 
2.308633 
3.024872 
0.927526 
3.609222 
0.350204 
3.777542 
0.202809 
3.799523 
0.234496 
3.731404 
0.417743 
3.537166 
0.850401 
3.025812 
1.818654 
1.830957 
2.140363 
1.857892 
2.350415 
1.453807 
Breakpoint2Holi3.986209 
3.968892 
3.952628 
1.973951 
1.975358 
3.709999 
0.245533 
3.876280 
0.139357 
3.820712 
0.496368 
3.445861 
1.560590 
2.380118 
2.819005 
1.124157 
3.484902 
0.465627 
3.715255 
0.258376 
3.670411 
1.154844 
1.216352 
3.443876 
0.836534 
2.208040 
2.610689 
Breakpoint2Holi3.986851 
3.970340 
3.933854 
0.063317 
3.907315 
0.467862 
3.485682 
1.895061 
2.057720 
3.196938 
0.757977 
3.676999 
0.286085 
3.803295 
0.184946 
3.805467 
0.248765 
3.713635 
0.485388 
3.462422 
1.322887 
2.177507 
2.221366 
1.925437 
2.040514 
1.727940 
Breakpoint2Holi3.986928 
3.970504 
3.952234 
0.223893 
3.730605 
1.879893 
2.072503 
3.406798 
0.548269 
3.786949 
0.182600 
3.844485 
0.180651 
3.784291 
0.403339 
3.548165 
0.963936 
2.985182 
1.846695 
2.103290 
2.582210 
1.502710 
1.680546 
3.288818 
0.680361 
Breakpoint2Holi3.986987 
3.970628 
3.955411 
3.766362 
0.190744 
3.912776 
0.176825 
3.770660 
1.197666 
2.742589 
2.946387 
0.995247 
3.664884 
0.287267 
3.812532 
0.185717 
3.785480 
0.375550 
3.568004 
1.025915 
2.863155 
1.830330 
2.291902 
1.619952 
Breakpoint2Holi3.987044 
3.970748 
3.955591 
3.941301 
2.128550 
1.810018 
3.813344 
0.141720 
3.879735 
0.327657 
3.605631 
1.818674 
2.109091 
3.388330 
0.544033 
3.781172 
0.187371 
3.800349 
0.387618 
3.472384 
1.797528 
1.615129 
2.325548 
Breakpoint2Holi3.988000 
3.973001 
3.959179 
3.838477 
0.124981 
3.921322 
0.218360 
3.731910 
1.436333 
2.510349 
3.126325 
0.822750 
3.721554 
0.238016 
3.839552 
0.161319 
3.810571 
0.387108 
3.476463 
1.802564 
1.686062 
2.238428 
Breakpoint2Holi3.988764 
3.974753 
3.960570 
0.346157 
3.614154 
2.366353 
1.593501 
3.602542 
0.360627 
3.847329 
0.132095 
3.873067 
0.167737 
3.799441 
0.420347 
3.539078 
1.046718 
2.900083 
1.801843 
2.298475 
1.626555 
Breakpoint2Holi3.988806 
3.974842 
3.962007 
3.872707 
0.095528 
3.925943 
0.252727 
3.699934 
1.604635 
2.345676 
3.237984 
0.714708 
3.756299 
0.207080 
3.853037 
0.153447 
3.803018 
1.043307 
1.574456 
3.106315 
Breakpoint2Holi3.989567 
3.976593 
3.963613 
0.350481 
3.612784 
2.366444 
1.596605 
3.600873 
0.365093 
3.850969 
0.128237 
3.883010 
0.144359 
3.827793 
0.338848 
3.621631 
1.240267 
2.151145 
2.337655 
Breakpoint2Holi3.989922 
3.977365 
3.859766 
0.117828 
3.940364 
0.081733 
3.891557 
0.357810 
3.608662 
1.192388 
2.773538 
2.390480 
1.576116 
3.241539 
0.726898 
3.526158 
0.776340 
1.503366 
Breakpoint2Holi3.989987 
3.977501 
3.862625 
0.115170 
3.940825 
0.082177 
3.891043 
0.362578 
3.603991 
1.205999 
2.760036 
2.406530 
1.560168 
3.251679 
0.716588 
3.637430 
0.337983 
Breakpoint2Holi3.990020 
3.977571 
3.966105 
3.197371 
0.765916 
3.902892 
0.076959 
3.914442 
0.278204 
3.676912 
1.599505 
2.351752 
3.213064 
0.747916 
3.583203 
0.398010 
Breakpoint2Holi3.990053 
3.977639 
3.966223 
3.955524 
1.473434 
2.479490 
3.776862 
0.180512 
3.914647 
0.167433 
3.783568 
1.417664 
2.524524 
3.377417 
0.571489 
Breakpoint2Holi3.990085 
3.977707 
3.966317 
3.955893 
3.945997 
1.330478 
2.613116 
3.840469 
0.114506 
3.906945 
0.597524 
3.336850 
3.270764 
0.669171 
Breakpoint2Holi3.990117 
3.977774 
3.966410 
3.956005 
3.946540 
3.937727 
1.992206 
1.943078 
3.901066 
0.099252 
3.848901 
2.419269 
1.506663 
Breakpoint2Holi3.990149 
3.977840 
3.966503 
3.956116 
3.946663 
3.938125 
3.930461 
3.650379 
0.281939 
3.911958 
1.645982 
2.273590 
Breakpoint2Holi3.991622 
3.981655 
3.973337 
3.966440 
3.953996 
3.920865 
3.712946 
0.226389 
3.908604 
1.822512 
2.100131 
Breakpoint2Holi3.992705 
3.984160 
3.977101 
3.971289 
3.958696 
3.722343 
0.197446 
3.923927 
1.865247 
2.043676 
Breakpoint2Holi3.993403 
3.985660 
3.979180 
3.973875 
3.914619 
0.065203 
3.902702 
2.731872 
1.192437 
Breakpoint2Holi3.993417 
3.985686 
3.979211 
3.973910 
3.967129 
3.910929 
0.988908 
2.932535 
Breakpoint2Holi3.994093 
3.987165 
3.981338 
3.976493 
3.968008 
1.023282 
2.873453 
Breakpoint2Holi3.994516 
3.988044 
3.982537 
3.977900 
3.009542 
0.965256 
Breakpoint2Holi3.994525 
3.988062 
3.982559 
3.977936 
3.972786 
Breakpoint2Holi3.995578 
3.990699 
3.986975 
3.981411 
Breakpoint2Holi3.996625 
3.993170 
3.989330 
Breakpoint2Holi3.997672 
3.994936 
Breakpoint2Holi3.998529 
Breakpoint2